#ifndef _gkg_dmri_odf_dsi_HanningWindow_h_
#define _gkg_dmri_odf_dsi_HanningWindow_h_

static float hanningWindow[ 17 ][ 17 ][ 17 ]=
  { 
    {
      {   0.0000000000000000e+00,   0.0000000000000000e+00,   0.0000000000000000e+00,   0.0000000000000000e+00,   0.0000000000000000e+00,   0.0000000000000000e+00,   0.0000000000000000e+00,   0.0000000000000000e+00,   0.0000000000000000e+00,   0.0000000000000000e+00,   0.0000000000000000e+00,   0.0000000000000000e+00,   0.0000000000000000e+00,   0.0000000000000000e+00,   0.0000000000000000e+00,   0.0000000000000000e+00,   0.0000000000000000e+00},
 {  0.0000000000000000e+00,   0.0000000000000000e+00,   0.0000000000000000e+00,   0.0000000000000000e+00,   0.0000000000000000e+00,   0.0000000000000000e+00,   0.0000000000000000e+00,   0.0000000000000000e+00,   0.0000000000000000e+00,   0.0000000000000000e+00,   0.0000000000000000e+00,   0.0000000000000000e+00,   0.0000000000000000e+00,   0.0000000000000000e+00,   0.0000000000000000e+00,   0.0000000000000000e+00,   0.0000000000000000e+00},
 {  0.0000000000000000e+00,   0.0000000000000000e+00,   0.0000000000000000e+00,   0.0000000000000000e+00,   0.0000000000000000e+00,   0.0000000000000000e+00,   0.0000000000000000e+00,   0.0000000000000000e+00,   0.0000000000000000e+00,   0.0000000000000000e+00,   0.0000000000000000e+00,   0.0000000000000000e+00,   0.0000000000000000e+00,   0.0000000000000000e+00,   0.0000000000000000e+00,   0.0000000000000000e+00,   0.0000000000000000e+00},
 {  0.0000000000000000e+00,   0.0000000000000000e+00,   0.0000000000000000e+00,   0.0000000000000000e+00,   0.0000000000000000e+00,   0.0000000000000000e+00,   0.0000000000000000e+00,   0.0000000000000000e+00,   0.0000000000000000e+00,   0.0000000000000000e+00,   0.0000000000000000e+00,   0.0000000000000000e+00,   0.0000000000000000e+00,   0.0000000000000000e+00,   0.0000000000000000e+00,   0.0000000000000000e+00,   0.0000000000000000e+00},
 {  0.0000000000000000e+00,   0.0000000000000000e+00,   0.0000000000000000e+00,   0.0000000000000000e+00,   0.0000000000000000e+00,   0.0000000000000000e+00,   0.0000000000000000e+00,   0.0000000000000000e+00,   0.0000000000000000e+00,   0.0000000000000000e+00,   0.0000000000000000e+00,   0.0000000000000000e+00,   0.0000000000000000e+00,   0.0000000000000000e+00,   0.0000000000000000e+00,   0.0000000000000000e+00,   0.0000000000000000e+00},
 {  0.0000000000000000e+00,   0.0000000000000000e+00,   0.0000000000000000e+00,   0.0000000000000000e+00,   0.0000000000000000e+00,   0.0000000000000000e+00,   0.0000000000000000e+00,   0.0000000000000000e+00,   0.0000000000000000e+00,   0.0000000000000000e+00,   0.0000000000000000e+00,   0.0000000000000000e+00,   0.0000000000000000e+00,   0.0000000000000000e+00,   0.0000000000000000e+00,   0.0000000000000000e+00,   0.0000000000000000e+00},
 {  0.0000000000000000e+00,   0.0000000000000000e+00,   0.0000000000000000e+00,   0.0000000000000000e+00,   0.0000000000000000e+00,   0.0000000000000000e+00,   7.3983583206427284e-06,   1.2765057617798448e-03,   2.1980025339871645e-03,   1.2765057617798448e-03,   7.3983583206427284e-06,   0.0000000000000000e+00,   0.0000000000000000e+00,   0.0000000000000000e+00,   0.0000000000000000e+00,   0.0000000000000000e+00,   0.0000000000000000e+00},
 {  0.0000000000000000e+00,   0.0000000000000000e+00,   0.0000000000000000e+00,   0.0000000000000000e+00,   0.0000000000000000e+00,   0.0000000000000000e+00,   1.2765057617798448e-03,   4.8193666152656078e-03,   6.5296711400151253e-03,   4.8193666152656078e-03,   1.2765057617798448e-03,   0.0000000000000000e+00,   0.0000000000000000e+00,   0.0000000000000000e+00,   0.0000000000000000e+00,   0.0000000000000000e+00,   0.0000000000000000e+00},
 {  0.0000000000000000e+00,   0.0000000000000000e+00,   0.0000000000000000e+00,   0.0000000000000000e+00,   0.0000000000000000e+00,   0.0000000000000000e+00,   2.1980025339871645e-03,   6.5296711400151253e-03,   8.5134506225585938e-03,   6.5296711400151253e-03,   2.1980025339871645e-03,   0.0000000000000000e+00,   0.0000000000000000e+00,   0.0000000000000000e+00,   0.0000000000000000e+00,   0.0000000000000000e+00,   0.0000000000000000e+00},
 {  0.0000000000000000e+00,   0.0000000000000000e+00,   0.0000000000000000e+00,   0.0000000000000000e+00,   0.0000000000000000e+00,   0.0000000000000000e+00,   1.2765057617798448e-03,   4.8193666152656078e-03,   6.5296711400151253e-03,   4.8193666152656078e-03,   1.2765057617798448e-03,   0.0000000000000000e+00,   0.0000000000000000e+00,   0.0000000000000000e+00,   0.0000000000000000e+00,   0.0000000000000000e+00,   0.0000000000000000e+00},
 {  0.0000000000000000e+00,   0.0000000000000000e+00,   0.0000000000000000e+00,   0.0000000000000000e+00,   0.0000000000000000e+00,   0.0000000000000000e+00,   7.3983583206427284e-06,   1.2765057617798448e-03,   2.1980025339871645e-03,   1.2765057617798448e-03,   7.3983583206427284e-06,   0.0000000000000000e+00,   0.0000000000000000e+00,   0.0000000000000000e+00,   0.0000000000000000e+00,   0.0000000000000000e+00,   0.0000000000000000e+00},
 {  0.0000000000000000e+00,   0.0000000000000000e+00,   0.0000000000000000e+00,   0.0000000000000000e+00,   0.0000000000000000e+00,   0.0000000000000000e+00,   0.0000000000000000e+00,   0.0000000000000000e+00,   0.0000000000000000e+00,   0.0000000000000000e+00,   0.0000000000000000e+00,   0.0000000000000000e+00,   0.0000000000000000e+00,   0.0000000000000000e+00,   0.0000000000000000e+00,   0.0000000000000000e+00,   0.0000000000000000e+00},
 {  0.0000000000000000e+00,   0.0000000000000000e+00,   0.0000000000000000e+00,   0.0000000000000000e+00,   0.0000000000000000e+00,   0.0000000000000000e+00,   0.0000000000000000e+00,   0.0000000000000000e+00,   0.0000000000000000e+00,   0.0000000000000000e+00,   0.0000000000000000e+00,   0.0000000000000000e+00,   0.0000000000000000e+00,   0.0000000000000000e+00,   0.0000000000000000e+00,   0.0000000000000000e+00,   0.0000000000000000e+00},
 {  0.0000000000000000e+00,   0.0000000000000000e+00,   0.0000000000000000e+00,   0.0000000000000000e+00,   0.0000000000000000e+00,   0.0000000000000000e+00,   0.0000000000000000e+00,   0.0000000000000000e+00,   0.0000000000000000e+00,   0.0000000000000000e+00,   0.0000000000000000e+00,   0.0000000000000000e+00,   0.0000000000000000e+00,   0.0000000000000000e+00,   0.0000000000000000e+00,   0.0000000000000000e+00,   0.0000000000000000e+00},
 {  0.0000000000000000e+00,   0.0000000000000000e+00,   0.0000000000000000e+00,   0.0000000000000000e+00,   0.0000000000000000e+00,   0.0000000000000000e+00,   0.0000000000000000e+00,   0.0000000000000000e+00,   0.0000000000000000e+00,   0.0000000000000000e+00,   0.0000000000000000e+00,   0.0000000000000000e+00,   0.0000000000000000e+00,   0.0000000000000000e+00,   0.0000000000000000e+00,   0.0000000000000000e+00,   0.0000000000000000e+00},
 {  0.0000000000000000e+00,   0.0000000000000000e+00,   0.0000000000000000e+00,   0.0000000000000000e+00,   0.0000000000000000e+00,   0.0000000000000000e+00,   0.0000000000000000e+00,   0.0000000000000000e+00,   0.0000000000000000e+00,   0.0000000000000000e+00,   0.0000000000000000e+00,   0.0000000000000000e+00,   0.0000000000000000e+00,   0.0000000000000000e+00,   0.0000000000000000e+00,   0.0000000000000000e+00,   0.0000000000000000e+00},
 {  0.0000000000000000e+00,   0.0000000000000000e+00,   0.0000000000000000e+00,   0.0000000000000000e+00,   0.0000000000000000e+00,   0.0000000000000000e+00,   0.0000000000000000e+00,   0.0000000000000000e+00,   0.0000000000000000e+00,   0.0000000000000000e+00,   0.0000000000000000e+00,   0.0000000000000000e+00,   0.0000000000000000e+00,   0.0000000000000000e+00,   0.0000000000000000e+00,   0.0000000000000000e+00,   0.0000000000000000e+00}
    },
    {
      {   0.0000000000000000e+00,   0.0000000000000000e+00,   0.0000000000000000e+00,   0.0000000000000000e+00,   0.0000000000000000e+00,   0.0000000000000000e+00,   0.0000000000000000e+00,   0.0000000000000000e+00,   0.0000000000000000e+00,   0.0000000000000000e+00,   0.0000000000000000e+00,   0.0000000000000000e+00,   0.0000000000000000e+00,   0.0000000000000000e+00,   0.0000000000000000e+00,   0.0000000000000000e+00,   0.0000000000000000e+00},
{   0.0000000000000000e+00,   0.0000000000000000e+00,   0.0000000000000000e+00,   0.0000000000000000e+00,   0.0000000000000000e+00,   0.0000000000000000e+00,   0.0000000000000000e+00,   0.0000000000000000e+00,   0.0000000000000000e+00,   0.0000000000000000e+00,   0.0000000000000000e+00,   0.0000000000000000e+00,   0.0000000000000000e+00,   0.0000000000000000e+00,   0.0000000000000000e+00,   0.0000000000000000e+00,   0.0000000000000000e+00},
 {  0.0000000000000000e+00,   0.0000000000000000e+00,   0.0000000000000000e+00,   0.0000000000000000e+00,   0.0000000000000000e+00,   0.0000000000000000e+00,   0.0000000000000000e+00,   0.0000000000000000e+00,   0.0000000000000000e+00,   0.0000000000000000e+00,   0.0000000000000000e+00,   0.0000000000000000e+00,   0.0000000000000000e+00,   0.0000000000000000e+00,   0.0000000000000000e+00,   0.0000000000000000e+00,   0.0000000000000000e+00},
  { 0.0000000000000000e+00,   0.0000000000000000e+00,   0.0000000000000000e+00,   0.0000000000000000e+00,   0.0000000000000000e+00,   0.0000000000000000e+00,   0.0000000000000000e+00,   0.0000000000000000e+00,   0.0000000000000000e+00,   0.0000000000000000e+00,   0.0000000000000000e+00,   0.0000000000000000e+00,   0.0000000000000000e+00,   0.0000000000000000e+00,   0.0000000000000000e+00,   0.0000000000000000e+00,   0.0000000000000000e+00},
{   0.0000000000000000e+00,   0.0000000000000000e+00,   0.0000000000000000e+00,   0.0000000000000000e+00,   0.0000000000000000e+00,   0.0000000000000000e+00,   1.2765057617798448e-03,   4.8193666152656078e-03,   6.5296711400151253e-03,   4.8193666152656078e-03,   1.2765057617798448e-03,   0.0000000000000000e+00,   0.0000000000000000e+00,   0.0000000000000000e+00,   0.0000000000000000e+00,   0.0000000000000000e+00,   0.0000000000000000e+00},
{   0.0000000000000000e+00,   0.0000000000000000e+00,   0.0000000000000000e+00,   0.0000000000000000e+00,   0.0000000000000000e+00,   3.3772266469895840e-03,   1.3322982005774975e-02,   2.2724671289324760e-02,   2.6464305818080902e-02,   2.2724671289324760e-02,   1.3322982005774975e-02,   3.3772266469895840e-03,   0.0000000000000000e+00,   0.0000000000000000e+00,   0.0000000000000000e+00,   0.0000000000000000e+00,   0.0000000000000000e+00},
 {  0.0000000000000000e+00,   0.0000000000000000e+00,   0.0000000000000000e+00,   0.0000000000000000e+00,   1.2765057617798448e-03,   1.3322982005774975e-02,   3.0516345053911209e-02,   4.4605396687984467e-02,   4.9965899437665939e-02,   4.4605396687984467e-02,   3.0516345053911209e-02,   1.3322982005774975e-02,   1.2765057617798448e-03,   0.0000000000000000e+00,   0.0000000000000000e+00,   0.0000000000000000e+00,   0.0000000000000000e+00},
  { 0.0000000000000000e+00,   0.0000000000000000e+00,   0.0000000000000000e+00,   0.0000000000000000e+00,   4.8193666152656078e-03,   2.2724671289324760e-02,   4.4605396687984467e-02,   6.1719551682472229e-02,   6.8125076591968536e-02,   6.1719551682472229e-02,   4.4605396687984467e-02,   2.2724671289324760e-02,   4.8193666152656078e-03,   0.0000000000000000e+00,   0.0000000000000000e+00,   0.0000000000000000e+00,   0.0000000000000000e+00},
  { 0.0000000000000000e+00,   0.0000000000000000e+00,   0.0000000000000000e+00,   0.0000000000000000e+00,   6.5296711400151253e-03,   2.6464305818080902e-02,   4.9965899437665939e-02,   6.8125076591968536e-02,   7.4891433119773865e-02,   6.8125076591968536e-02,   4.9965899437665939e-02,   2.6464305818080902e-02,   6.5296711400151253e-03,   0.0000000000000000e+00,   0.0000000000000000e+00,   0.0000000000000000e+00,   0.0000000000000000e+00},
  { 0.0000000000000000e+00,   0.0000000000000000e+00,   0.0000000000000000e+00,   0.0000000000000000e+00,   4.8193666152656078e-03,   2.2724671289324760e-02,   4.4605396687984467e-02,   6.1719551682472229e-02,   6.8125076591968536e-02,   6.1719551682472229e-02,   4.4605396687984467e-02,   2.2724671289324760e-02,   4.8193666152656078e-03,   0.0000000000000000e+00,   0.0000000000000000e+00,   0.0000000000000000e+00,   0.0000000000000000e+00},
  { 0.0000000000000000e+00,   0.0000000000000000e+00,   0.0000000000000000e+00,   0.0000000000000000e+00,   1.2765057617798448e-03,   1.3322982005774975e-02,   3.0516345053911209e-02,   4.4605396687984467e-02,   4.9965899437665939e-02,   4.4605396687984467e-02,   3.0516345053911209e-02,   1.3322982005774975e-02,   1.2765057617798448e-03,   0.0000000000000000e+00,   0.0000000000000000e+00,   0.0000000000000000e+00,   0.0000000000000000e+00},
   {0.0000000000000000e+00,   0.0000000000000000e+00,   0.0000000000000000e+00,   0.0000000000000000e+00,   0.0000000000000000e+00,   3.3772266469895840e-03,   1.3322982005774975e-02,   2.2724671289324760e-02,   2.6464305818080902e-02,   2.2724671289324760e-02,   1.3322982005774975e-02,   3.3772266469895840e-03,   0.0000000000000000e+00,   0.0000000000000000e+00,   0.0000000000000000e+00,   0.0000000000000000e+00,   0.0000000000000000e+00},
 {  0.0000000000000000e+00,   0.0000000000000000e+00,   0.0000000000000000e+00,   0.0000000000000000e+00,   0.0000000000000000e+00,   0.0000000000000000e+00,   1.2765057617798448e-03,   4.8193666152656078e-03,   6.5296711400151253e-03,   4.8193666152656078e-03,   1.2765057617798448e-03,   0.0000000000000000e+00,   0.0000000000000000e+00,   0.0000000000000000e+00,   0.0000000000000000e+00,   0.0000000000000000e+00,   0.0000000000000000e+00},
  { 0.0000000000000000e+00,   0.0000000000000000e+00,   0.0000000000000000e+00,   0.0000000000000000e+00,   0.0000000000000000e+00,   0.0000000000000000e+00,   0.0000000000000000e+00,   0.0000000000000000e+00,   0.0000000000000000e+00,   0.0000000000000000e+00,   0.0000000000000000e+00,   0.0000000000000000e+00,   0.0000000000000000e+00,   0.0000000000000000e+00,   0.0000000000000000e+00,   0.0000000000000000e+00,   0.0000000000000000e+00},
  { 0.0000000000000000e+00,   0.0000000000000000e+00,   0.0000000000000000e+00,   0.0000000000000000e+00,   0.0000000000000000e+00,   0.0000000000000000e+00,   0.0000000000000000e+00,   0.0000000000000000e+00,   0.0000000000000000e+00,   0.0000000000000000e+00,   0.0000000000000000e+00,   0.0000000000000000e+00,   0.0000000000000000e+00,   0.0000000000000000e+00,   0.0000000000000000e+00,   0.0000000000000000e+00,   0.0000000000000000e+00},
  { 0.0000000000000000e+00,   0.0000000000000000e+00,   0.0000000000000000e+00,   0.0000000000000000e+00,   0.0000000000000000e+00,   0.0000000000000000e+00,   0.0000000000000000e+00,   0.0000000000000000e+00,   0.0000000000000000e+00,   0.0000000000000000e+00,   0.0000000000000000e+00,   0.0000000000000000e+00,   0.0000000000000000e+00,   0.0000000000000000e+00,   0.0000000000000000e+00,   0.0000000000000000e+00,   0.0000000000000000e+00},
  { 0.0000000000000000e+00,   0.0000000000000000e+00,   0.0000000000000000e+00,   0.0000000000000000e+00,   0.0000000000000000e+00,   0.0000000000000000e+00,   0.0000000000000000e+00,   0.0000000000000000e+00,   0.0000000000000000e+00,   0.0000000000000000e+00,   0.0000000000000000e+00,   0.0000000000000000e+00,   0.0000000000000000e+00,   0.0000000000000000e+00,   0.0000000000000000e+00,   0.0000000000000000e+00,   0.0000000000000000e+00}
    },
    {
      {   0.0000000000000000e+00,   0.0000000000000000e+00,   0.0000000000000000e+00,   0.0000000000000000e+00,   0.0000000000000000e+00,   0.0000000000000000e+00,   0.0000000000000000e+00,   0.0000000000000000e+00,   0.0000000000000000e+00,   0.0000000000000000e+00,   0.0000000000000000e+00,   0.0000000000000000e+00,   0.0000000000000000e+00,   0.0000000000000000e+00,   0.0000000000000000e+00,   0.0000000000000000e+00,   0.0000000000000000e+00},
{   0.0000000000000000e+00,   0.0000000000000000e+00,   0.0000000000000000e+00,   0.0000000000000000e+00,   0.0000000000000000e+00,   0.0000000000000000e+00,   0.0000000000000000e+00,   0.0000000000000000e+00,   0.0000000000000000e+00,   0.0000000000000000e+00,   0.0000000000000000e+00,   0.0000000000000000e+00,   0.0000000000000000e+00,   0.0000000000000000e+00,   0.0000000000000000e+00,   0.0000000000000000e+00,   0.0000000000000000e+00},
{   0.0000000000000000e+00,   0.0000000000000000e+00,   0.0000000000000000e+00,   0.0000000000000000e+00,   0.0000000000000000e+00,   0.0000000000000000e+00,   0.0000000000000000e+00,   0.0000000000000000e+00,   7.3983583206427284e-06,   0.0000000000000000e+00,   0.0000000000000000e+00,   0.0000000000000000e+00,   0.0000000000000000e+00,   0.0000000000000000e+00,   0.0000000000000000e+00,   0.0000000000000000e+00,   0.0000000000000000e+00},
{   0.0000000000000000e+00,   0.0000000000000000e+00,   0.0000000000000000e+00,   0.0000000000000000e+00,   0.0000000000000000e+00,   6.0760852647945285e-04,   6.5296711400151253e-03,   1.3322982005774975e-02,   1.6159666702151299e-02,   1.3322982005774975e-02,   6.5296711400151253e-03,   6.0760852647945285e-04,   0.0000000000000000e+00,   0.0000000000000000e+00,   0.0000000000000000e+00,   0.0000000000000000e+00,   0.0000000000000000e+00},
{   0.0000000000000000e+00,   0.0000000000000000e+00,   0.0000000000000000e+00,   0.0000000000000000e+00,   2.1980025339871645e-03,   1.6159666702151299e-02,   3.4886606037616730e-02,   4.9965899437665939e-02,   5.5668566375970840e-02,   4.9965899437665939e-02,   3.4886606037616730e-02,   1.6159666702151299e-02,   2.1980025339871645e-03,   0.0000000000000000e+00,   0.0000000000000000e+00,   0.0000000000000000e+00,   0.0000000000000000e+00},
{   0.0000000000000000e+00,   0.0000000000000000e+00,   0.0000000000000000e+00,   6.0760852647945285e-04,   1.6159666702151299e-02,   4.4605396687984467e-02,   7.4891433119773865e-02,   9.7419477999210358e-02,   1.0569349676370621e-01,   9.7419477999210358e-02,   7.4891433119773865e-02,   4.4605396687984467e-02,   1.6159666702151299e-02,   6.0760852647945285e-04,   0.0000000000000000e+00,   0.0000000000000000e+00,   0.0000000000000000e+00},
{   0.0000000000000000e+00,   0.0000000000000000e+00,   0.0000000000000000e+00,   6.5296711400151253e-03,   3.4886606037616730e-02,   7.4891433119773865e-02,   1.1436086893081665e-01,   1.4279069006443024e-01,   1.5309943258762360e-01,   1.4279069006443024e-01,   1.1436086893081665e-01,   7.4891433119773865e-02,   3.4886606037616730e-02,   6.5296711400151253e-03,   0.0000000000000000e+00,   0.0000000000000000e+00,   0.0000000000000000e+00},
{   0.0000000000000000e+00,   0.0000000000000000e+00,   0.0000000000000000e+00,   1.3322982005774975e-02,   4.9965899437665939e-02,   9.7419477999210358e-02,   1.4279069006443024e-01,   1.7500708997249603e-01,   1.8662028014659882e-01,   1.7500708997249603e-01,   1.4279069006443024e-01,   9.7419477999210358e-02,   4.9965899437665939e-02,   1.3322982005774975e-02,   0.0000000000000000e+00,   0.0000000000000000e+00,   0.0000000000000000e+00},
{   0.0000000000000000e+00,   0.0000000000000000e+00,   7.3983583206427284e-06,   1.6159666702151299e-02,   5.5668566375970840e-02,   1.0569349676370621e-01,   1.5309943258762360e-01,   1.8662028014659882e-01,   1.9868268072605133e-01,   1.8662028014659882e-01,   1.5309943258762360e-01,   1.0569349676370621e-01,   5.5668566375970840e-02,   1.6159666702151299e-02,   7.3983583206427284e-06,   0.0000000000000000e+00,   0.0000000000000000e+00},
{   0.0000000000000000e+00,   0.0000000000000000e+00,   0.0000000000000000e+00,   1.3322982005774975e-02,   4.9965899437665939e-02,   9.7419477999210358e-02,   1.4279069006443024e-01,   1.7500708997249603e-01,   1.8662028014659882e-01,   1.7500708997249603e-01,   1.4279069006443024e-01,   9.7419477999210358e-02,   4.9965899437665939e-02,   1.3322982005774975e-02,   0.0000000000000000e+00,   0.0000000000000000e+00,   0.0000000000000000e+00},
{   0.0000000000000000e+00,   0.0000000000000000e+00,   0.0000000000000000e+00,   6.5296711400151253e-03,   3.4886606037616730e-02,   7.4891433119773865e-02,   1.1436086893081665e-01,   1.4279069006443024e-01,   1.5309943258762360e-01,   1.4279069006443024e-01,   1.1436086893081665e-01,   7.4891433119773865e-02,   3.4886606037616730e-02,   6.5296711400151253e-03,   0.0000000000000000e+00,   0.0000000000000000e+00,   0.0000000000000000e+00},
{   0.0000000000000000e+00,   0.0000000000000000e+00,   0.0000000000000000e+00,   6.0760852647945285e-04,   1.6159666702151299e-02,   4.4605396687984467e-02,   7.4891433119773865e-02,   9.7419477999210358e-02,   1.0569349676370621e-01,   9.7419477999210358e-02,   7.4891433119773865e-02,   4.4605396687984467e-02,   1.6159666702151299e-02,   6.0760852647945285e-04,   0.0000000000000000e+00,   0.0000000000000000e+00,   0.0000000000000000e+00},
{   0.0000000000000000e+00,   0.0000000000000000e+00,   0.0000000000000000e+00,   0.0000000000000000e+00,   2.1980025339871645e-03,   1.6159666702151299e-02,   3.4886606037616730e-02,   4.9965899437665939e-02,   5.5668566375970840e-02,   4.9965899437665939e-02,   3.4886606037616730e-02,   1.6159666702151299e-02,   2.1980025339871645e-03,   0.0000000000000000e+00,   0.0000000000000000e+00,   0.0000000000000000e+00,   0.0000000000000000e+00},
{   0.0000000000000000e+00,   0.0000000000000000e+00,   0.0000000000000000e+00,   0.0000000000000000e+00,   0.0000000000000000e+00,   6.0760852647945285e-04,   6.5296711400151253e-03,   1.3322982005774975e-02,   1.6159666702151299e-02,   1.3322982005774975e-02,   6.5296711400151253e-03,   6.0760852647945285e-04,   0.0000000000000000e+00,   0.0000000000000000e+00,   0.0000000000000000e+00,   0.0000000000000000e+00,   0.0000000000000000e+00},
{   0.0000000000000000e+00,   0.0000000000000000e+00,   0.0000000000000000e+00,   0.0000000000000000e+00,   0.0000000000000000e+00,   0.0000000000000000e+00,   0.0000000000000000e+00,   0.0000000000000000e+00,   7.3983583206427284e-06,   0.0000000000000000e+00,   0.0000000000000000e+00,   0.0000000000000000e+00,   0.0000000000000000e+00,   0.0000000000000000e+00,   0.0000000000000000e+00,   0.0000000000000000e+00,   0.0000000000000000e+00},
{   0.0000000000000000e+00,   0.0000000000000000e+00,   0.0000000000000000e+00,   0.0000000000000000e+00,   0.0000000000000000e+00,   0.0000000000000000e+00,   0.0000000000000000e+00,   0.0000000000000000e+00,   0.0000000000000000e+00,   0.0000000000000000e+00,   0.0000000000000000e+00,   0.0000000000000000e+00,   0.0000000000000000e+00,   0.0000000000000000e+00,   0.0000000000000000e+00,   0.0000000000000000e+00,   0.0000000000000000e+00},
{   0.0000000000000000e+00,   0.0000000000000000e+00,   0.0000000000000000e+00,   0.0000000000000000e+00,   0.0000000000000000e+00,   0.0000000000000000e+00,   0.0000000000000000e+00,   0.0000000000000000e+00,   0.0000000000000000e+00,   0.0000000000000000e+00,   0.0000000000000000e+00,   0.0000000000000000e+00,   0.0000000000000000e+00,   0.0000000000000000e+00,   0.0000000000000000e+00,   0.0000000000000000e+00,   0.0000000000000000e+00}
    },
    {
      {   0.0000000000000000e+00,   0.0000000000000000e+00,   0.0000000000000000e+00,   0.0000000000000000e+00,   0.0000000000000000e+00,   0.0000000000000000e+00,   0.0000000000000000e+00,   0.0000000000000000e+00,   0.0000000000000000e+00,   0.0000000000000000e+00,   0.0000000000000000e+00,   0.0000000000000000e+00,   0.0000000000000000e+00,   0.0000000000000000e+00,   0.0000000000000000e+00,   0.0000000000000000e+00,   0.0000000000000000e+00},
{   0.0000000000000000e+00,   0.0000000000000000e+00,   0.0000000000000000e+00,   0.0000000000000000e+00,   0.0000000000000000e+00,   0.0000000000000000e+00,   0.0000000000000000e+00,   0.0000000000000000e+00,   0.0000000000000000e+00,   0.0000000000000000e+00,   0.0000000000000000e+00,   0.0000000000000000e+00,   0.0000000000000000e+00,   0.0000000000000000e+00,   0.0000000000000000e+00,   0.0000000000000000e+00,   0.0000000000000000e+00},
{   0.0000000000000000e+00,   0.0000000000000000e+00,   0.0000000000000000e+00,   0.0000000000000000e+00,   0.0000000000000000e+00,   6.0760852647945285e-04,   6.5296711400151253e-03,   1.3322982005774975e-02,   1.6159666702151299e-02,   1.3322982005774975e-02,   6.5296711400151253e-03,   6.0760852647945285e-04,   0.0000000000000000e+00,   0.0000000000000000e+00,   0.0000000000000000e+00,   0.0000000000000000e+00,   0.0000000000000000e+00},
{   0.0000000000000000e+00,   0.0000000000000000e+00,   0.0000000000000000e+00,   0.0000000000000000e+00,   4.8193666152656078e-03,   2.2724671289324760e-02,   4.4605396687984467e-02,   6.1719551682472229e-02,   6.8125076591968536e-02,   6.1719551682472229e-02,   4.4605396687984467e-02,   2.2724671289324760e-02,   4.8193666152656078e-03,   0.0000000000000000e+00,   0.0000000000000000e+00,   0.0000000000000000e+00,   0.0000000000000000e+00},
{   0.0000000000000000e+00,   0.0000000000000000e+00,   0.0000000000000000e+00,   4.8193666152656078e-03,   3.0516345053911209e-02,   6.8125076591968536e-02,   1.0569349676370621e-01,   1.3290263712406158e-01,   1.4279069006443024e-01,   1.3290263712406158e-01,   1.0569349676370621e-01,   6.8125076591968536e-02,   3.0516345053911209e-02,   4.8193666152656078e-03,   0.0000000000000000e+00,   0.0000000000000000e+00,   0.0000000000000000e+00},
{   0.0000000000000000e+00,   0.0000000000000000e+00,   6.0760852647945285e-04,   2.2724671289324760e-02,   6.8125076591968536e-02,   1.2342832237482071e-01,   1.7500708997249603e-01,   2.1120160818099976e-01,   2.2418448328971863e-01,   2.1120160818099976e-01,   1.7500708997249603e-01,   1.2342832237482071e-01,   6.8125076591968536e-02,   2.2724671289324760e-02,   6.0760852647945285e-04,   0.0000000000000000e+00,   0.0000000000000000e+00},
{   0.0000000000000000e+00,   0.0000000000000000e+00,   6.5296711400151253e-03,   4.4605396687984467e-02,   1.0569349676370621e-01,   1.7500708997249603e-01,   2.3763877153396606e-01,   2.8090614080429077e-01,   2.9632252454757690e-01,   2.8090614080429077e-01,   2.3763877153396606e-01,   1.7500708997249603e-01,   1.0569349676370621e-01,   4.4605396687984467e-02,   6.5296711400151253e-03,   0.0000000000000000e+00,   0.0000000000000000e+00},
{   0.0000000000000000e+00,   0.0000000000000000e+00,   1.3322982005774975e-02,   6.1719551682472229e-02,   1.3290263712406158e-01,   2.1120160818099976e-01,   2.8090614080429077e-01,   3.2869336009025574e-01,   3.4566384553909302e-01,   3.2869336009025574e-01,   2.8090614080429077e-01,   2.1120160818099976e-01,   1.3290263712406158e-01,   6.1719551682472229e-02,   1.3322982005774975e-02,   0.0000000000000000e+00,   0.0000000000000000e+00},
{   0.0000000000000000e+00,   0.0000000000000000e+00,   1.6159666702151299e-02,   6.8125076591968536e-02,   1.4279069006443024e-01,   2.2418448328971863e-01,   2.9632252454757690e-01,   3.4566384553909302e-01,   3.6316850781440735e-01,   3.4566384553909302e-01,   2.9632252454757690e-01,   2.2418448328971863e-01,   1.4279069006443024e-01,   6.8125076591968536e-02,   1.6159666702151299e-02,   0.0000000000000000e+00,   0.0000000000000000e+00},
{   0.0000000000000000e+00,   0.0000000000000000e+00,   1.3322982005774975e-02,   6.1719551682472229e-02,   1.3290263712406158e-01,   2.1120160818099976e-01,   2.8090614080429077e-01,   3.2869336009025574e-01,   3.4566384553909302e-01,   3.2869336009025574e-01,   2.8090614080429077e-01,   2.1120160818099976e-01,   1.3290263712406158e-01,   6.1719551682472229e-02,   1.3322982005774975e-02,   0.0000000000000000e+00,   0.0000000000000000e+00},
{   0.0000000000000000e+00,   0.0000000000000000e+00,   6.5296711400151253e-03,   4.4605396687984467e-02,   1.0569349676370621e-01,   1.7500708997249603e-01,   2.3763877153396606e-01,   2.8090614080429077e-01,   2.9632252454757690e-01,   2.8090614080429077e-01,   2.3763877153396606e-01,   1.7500708997249603e-01,   1.0569349676370621e-01,   4.4605396687984467e-02,   6.5296711400151253e-03,   0.0000000000000000e+00,   0.0000000000000000e+00},
{   0.0000000000000000e+00,   0.0000000000000000e+00,   6.0760852647945285e-04,   2.2724671289324760e-02,   6.8125076591968536e-02,   1.2342832237482071e-01,   1.7500708997249603e-01,   2.1120160818099976e-01,   2.2418448328971863e-01,   2.1120160818099976e-01,   1.7500708997249603e-01,   1.2342832237482071e-01,   6.8125076591968536e-02,   2.2724671289324760e-02,   6.0760852647945285e-04,   0.0000000000000000e+00,   0.0000000000000000e+00},
{   0.0000000000000000e+00,   0.0000000000000000e+00,   0.0000000000000000e+00,   4.8193666152656078e-03,   3.0516345053911209e-02,   6.8125076591968536e-02,   1.0569349676370621e-01,   1.3290263712406158e-01,   1.4279069006443024e-01,   1.3290263712406158e-01,   1.0569349676370621e-01,   6.8125076591968536e-02,   3.0516345053911209e-02,   4.8193666152656078e-03,   0.0000000000000000e+00,   0.0000000000000000e+00,   0.0000000000000000e+00},
{   0.0000000000000000e+00,   0.0000000000000000e+00,   0.0000000000000000e+00,   0.0000000000000000e+00,   4.8193666152656078e-03,   2.2724671289324760e-02,   4.4605396687984467e-02,   6.1719551682472229e-02,   6.8125076591968536e-02,   6.1719551682472229e-02,   4.4605396687984467e-02,   2.2724671289324760e-02,   4.8193666152656078e-03,   0.0000000000000000e+00,   0.0000000000000000e+00,   0.0000000000000000e+00,   0.0000000000000000e+00},
{   0.0000000000000000e+00,   0.0000000000000000e+00,   0.0000000000000000e+00,   0.0000000000000000e+00,   0.0000000000000000e+00,   6.0760852647945285e-04,   6.5296711400151253e-03,   1.3322982005774975e-02,   1.6159666702151299e-02,   1.3322982005774975e-02,   6.5296711400151253e-03,   6.0760852647945285e-04,   0.0000000000000000e+00,   0.0000000000000000e+00,   0.0000000000000000e+00,   0.0000000000000000e+00,   0.0000000000000000e+00},
{   0.0000000000000000e+00,   0.0000000000000000e+00,   0.0000000000000000e+00,   0.0000000000000000e+00,   0.0000000000000000e+00,   0.0000000000000000e+00,   0.0000000000000000e+00,   0.0000000000000000e+00,   0.0000000000000000e+00,   0.0000000000000000e+00,   0.0000000000000000e+00,   0.0000000000000000e+00,   0.0000000000000000e+00,   0.0000000000000000e+00,   0.0000000000000000e+00,   0.0000000000000000e+00,   0.0000000000000000e+00},
{   0.0000000000000000e+00,   0.0000000000000000e+00,   0.0000000000000000e+00,   0.0000000000000000e+00,   0.0000000000000000e+00,   0.0000000000000000e+00,   0.0000000000000000e+00,   0.0000000000000000e+00,   0.0000000000000000e+00,   0.0000000000000000e+00,   0.0000000000000000e+00,   0.0000000000000000e+00,   0.0000000000000000e+00,   0.0000000000000000e+00,   0.0000000000000000e+00,   0.0000000000000000e+00,   0.0000000000000000e+00}
    },
    {
      {   0.0000000000000000e+00,   0.0000000000000000e+00,   0.0000000000000000e+00,   0.0000000000000000e+00,   0.0000000000000000e+00,   0.0000000000000000e+00,   0.0000000000000000e+00,   0.0000000000000000e+00,   0.0000000000000000e+00,   0.0000000000000000e+00,   0.0000000000000000e+00,   0.0000000000000000e+00,   0.0000000000000000e+00,   0.0000000000000000e+00,   0.0000000000000000e+00,   0.0000000000000000e+00,   0.0000000000000000e+00},
{   0.0000000000000000e+00,   0.0000000000000000e+00,   0.0000000000000000e+00,   0.0000000000000000e+00,   0.0000000000000000e+00,   0.0000000000000000e+00,   1.2765057617798448e-03,   4.8193666152656078e-03,   6.5296711400151253e-03,   4.8193666152656078e-03,   1.2765057617798448e-03,   0.0000000000000000e+00,   0.0000000000000000e+00,   0.0000000000000000e+00,   0.0000000000000000e+00,   0.0000000000000000e+00,   0.0000000000000000e+00},
{   0.0000000000000000e+00,   0.0000000000000000e+00,   0.0000000000000000e+00,   0.0000000000000000e+00,   2.1980025339871645e-03,   1.6159666702151299e-02,   3.4886606037616730e-02,   4.9965899437665939e-02,   5.5668566375970840e-02,   4.9965899437665939e-02,   3.4886606037616730e-02,   1.6159666702151299e-02,   2.1980025339871645e-03,   0.0000000000000000e+00,   0.0000000000000000e+00,   0.0000000000000000e+00,   0.0000000000000000e+00},
{   0.0000000000000000e+00,   0.0000000000000000e+00,   0.0000000000000000e+00,   4.8193666152656078e-03,   3.0516345053911209e-02,   6.8125076591968536e-02,   1.0569349676370621e-01,   1.3290263712406158e-01,   1.4279069006443024e-01,   1.3290263712406158e-01,   1.0569349676370621e-01,   6.8125076591968536e-02,   3.0516345053911209e-02,   4.8193666152656078e-03,   0.0000000000000000e+00,   0.0000000000000000e+00,   0.0000000000000000e+00},
{   0.0000000000000000e+00,   0.0000000000000000e+00,   2.1980025339871645e-03,   3.0516345053911209e-02,   8.2024984061717987e-02,   1.4279069006443024e-01,   1.9868268072605133e-01,   2.3763877153396606e-01,   2.5157204270362854e-01,   2.3763877153396606e-01,   1.9868268072605133e-01,   1.4279069006443024e-01,   8.2024984061717987e-02,   3.0516345053911209e-02,   2.1980025339871645e-03,   0.0000000000000000e+00,   0.0000000000000000e+00},
{   0.0000000000000000e+00,   0.0000000000000000e+00,   1.6159666702151299e-02,   6.8125076591968536e-02,   1.4279069006443024e-01,   2.2418448328971863e-01,   2.9632252454757690e-01,   3.4566384553909302e-01,   3.6316850781440735e-01,   3.4566384553909302e-01,   2.9632252454757690e-01,   2.2418448328971863e-01,   1.4279069006443024e-01,   6.8125076591968536e-02,   1.6159666702151299e-02,   0.0000000000000000e+00,   0.0000000000000000e+00},
{   0.0000000000000000e+00,   1.2765057617798448e-03,   3.4886606037616730e-02,   1.0569349676370621e-01,   1.9868268072605133e-01,   2.9632252454757690e-01,   3.8121557235717773e-01,   4.3869480490684509e-01,   4.5899546146392822e-01,   4.3869480490684509e-01,   3.8121557235717773e-01,   2.9632252454757690e-01,   1.9868268072605133e-01,   1.0569349676370621e-01,   3.4886606037616730e-02,   1.2765057617798448e-03,   0.0000000000000000e+00},
{   0.0000000000000000e+00,   4.8193666152656078e-03,   4.9965899437665939e-02,   1.3290263712406158e-01,   2.3763877153396606e-01,   3.4566384553909302e-01,   4.3869480490684509e-01,   5.0135999917984009e-01,   5.2344143390655518e-01,   5.0135999917984009e-01,   4.3869480490684509e-01,   3.4566384553909302e-01,   2.3763877153396606e-01,   1.3290263712406158e-01,   4.9965899437665939e-02,   4.8193666152656078e-03,   0.0000000000000000e+00},
{   0.0000000000000000e+00,   6.5296711400151253e-03,   5.5668566375970840e-02,   1.4279069006443024e-01,   2.5157204270362854e-01,   3.6316850781440735e-01,   4.5899546146392822e-01,   5.2344143390655518e-01,   5.4613417387008667e-01,   5.2344143390655518e-01,   4.5899546146392822e-01,   3.6316850781440735e-01,   2.5157204270362854e-01,   1.4279069006443024e-01,   5.5668566375970840e-02,   6.5296711400151253e-03,   0.0000000000000000e+00},
{   0.0000000000000000e+00,   4.8193666152656078e-03,   4.9965899437665939e-02,   1.3290263712406158e-01,   2.3763877153396606e-01,   3.4566384553909302e-01,   4.3869480490684509e-01,   5.0135999917984009e-01,   5.2344143390655518e-01,   5.0135999917984009e-01,   4.3869480490684509e-01,   3.4566384553909302e-01,   2.3763877153396606e-01,   1.3290263712406158e-01,   4.9965899437665939e-02,   4.8193666152656078e-03,   0.0000000000000000e+00},
{   0.0000000000000000e+00,   1.2765057617798448e-03,   3.4886606037616730e-02,   1.0569349676370621e-01,   1.9868268072605133e-01,   2.9632252454757690e-01,   3.8121557235717773e-01,   4.3869480490684509e-01,   4.5899546146392822e-01,   4.3869480490684509e-01,   3.8121557235717773e-01,   2.9632252454757690e-01,   1.9868268072605133e-01,   1.0569349676370621e-01,   3.4886606037616730e-02,   1.2765057617798448e-03,   0.0000000000000000e+00},
{   0.0000000000000000e+00,   0.0000000000000000e+00,   1.6159666702151299e-02,   6.8125076591968536e-02,   1.4279069006443024e-01,   2.2418448328971863e-01,   2.9632252454757690e-01,   3.4566384553909302e-01,   3.6316850781440735e-01,   3.4566384553909302e-01,   2.9632252454757690e-01,   2.2418448328971863e-01,   1.4279069006443024e-01,   6.8125076591968536e-02,   1.6159666702151299e-02,   0.0000000000000000e+00,   0.0000000000000000e+00},
{   0.0000000000000000e+00,   0.0000000000000000e+00,   2.1980025339871645e-03,   3.0516345053911209e-02,   8.2024984061717987e-02,   1.4279069006443024e-01,   1.9868268072605133e-01,   2.3763877153396606e-01,   2.5157204270362854e-01,   2.3763877153396606e-01,   1.9868268072605133e-01,   1.4279069006443024e-01,   8.2024984061717987e-02,   3.0516345053911209e-02,   2.1980025339871645e-03,   0.0000000000000000e+00,   0.0000000000000000e+00},
{   0.0000000000000000e+00,   0.0000000000000000e+00,   0.0000000000000000e+00,   4.8193666152656078e-03,   3.0516345053911209e-02,   6.8125076591968536e-02,   1.0569349676370621e-01,   1.3290263712406158e-01,   1.4279069006443024e-01,   1.3290263712406158e-01,   1.0569349676370621e-01,   6.8125076591968536e-02,   3.0516345053911209e-02,   4.8193666152656078e-03,   0.0000000000000000e+00,   0.0000000000000000e+00,   0.0000000000000000e+00},
{   0.0000000000000000e+00,   0.0000000000000000e+00,   0.0000000000000000e+00,   0.0000000000000000e+00,   2.1980025339871645e-03,   1.6159666702151299e-02,   3.4886606037616730e-02,   4.9965899437665939e-02,   5.5668566375970840e-02,   4.9965899437665939e-02,   3.4886606037616730e-02,   1.6159666702151299e-02,   2.1980025339871645e-03,   0.0000000000000000e+00,   0.0000000000000000e+00,   0.0000000000000000e+00,   0.0000000000000000e+00},
{   0.0000000000000000e+00,   0.0000000000000000e+00,   0.0000000000000000e+00,   0.0000000000000000e+00,   0.0000000000000000e+00,   0.0000000000000000e+00,   1.2765057617798448e-03,   4.8193666152656078e-03,   6.5296711400151253e-03,   4.8193666152656078e-03,   1.2765057617798448e-03,   0.0000000000000000e+00,   0.0000000000000000e+00,   0.0000000000000000e+00,   0.0000000000000000e+00,   0.0000000000000000e+00,   0.0000000000000000e+00},
{   0.0000000000000000e+00,   0.0000000000000000e+00,   0.0000000000000000e+00,   0.0000000000000000e+00,   0.0000000000000000e+00,   0.0000000000000000e+00,   0.0000000000000000e+00,   0.0000000000000000e+00,   0.0000000000000000e+00,   0.0000000000000000e+00,   0.0000000000000000e+00,   0.0000000000000000e+00,   0.0000000000000000e+00,   0.0000000000000000e+00,   0.0000000000000000e+00,   0.0000000000000000e+00,   0.0000000000000000e+00}
    },
    {
      {   0.0000000000000000e+00,   0.0000000000000000e+00,   0.0000000000000000e+00,   0.0000000000000000e+00,   0.0000000000000000e+00,   0.0000000000000000e+00,   0.0000000000000000e+00,   0.0000000000000000e+00,   0.0000000000000000e+00,   0.0000000000000000e+00,   0.0000000000000000e+00,   0.0000000000000000e+00,   0.0000000000000000e+00,   0.0000000000000000e+00,   0.0000000000000000e+00,   0.0000000000000000e+00,   0.0000000000000000e+00},
{   0.0000000000000000e+00,   0.0000000000000000e+00,   0.0000000000000000e+00,   0.0000000000000000e+00,   0.0000000000000000e+00,   3.3772266469895840e-03,   1.3322982005774975e-02,   2.2724671289324760e-02,   2.6464305818080902e-02,   2.2724671289324760e-02,   1.3322982005774975e-02,   3.3772266469895840e-03,   0.0000000000000000e+00,   0.0000000000000000e+00,   0.0000000000000000e+00,   0.0000000000000000e+00,   0.0000000000000000e+00},
{  0.0000000000000000e+00,   0.0000000000000000e+00,   0.0000000000000000e+00,   6.0760852647945285e-04,   1.6159666702151299e-02,   4.4605396687984467e-02,   7.4891433119773865e-02,   9.7419477999210358e-02,   1.0569349676370621e-01,   9.7419477999210358e-02,   7.4891433119773865e-02,   4.4605396687984467e-02,   1.6159666702151299e-02,   6.0760852647945285e-04,   0.0000000000000000e+00,   0.0000000000000000e+00,   0.0000000000000000e+00},
{   0.0000000000000000e+00,   0.0000000000000000e+00,   6.0760852647945285e-04,   2.2724671289324760e-02,   6.8125076591968536e-02,   1.2342832237482071e-01,   1.7500708997249603e-01,   2.1120160818099976e-01,   2.2418448328971863e-01,   2.1120160818099976e-01,   1.7500708997249603e-01,   1.2342832237482071e-01,   6.8125076591968536e-02,   2.2724671289324760e-02,   6.0760852647945285e-04,   0.0000000000000000e+00,   0.0000000000000000e+00},
